0.000189
0.00042
0.000279
0.000199
0.000225
0.000078
0.000111
0.000086
0.000055
0.000086
0.000086
0.000295
0.000274
0.000161
0.000111
0.000094
0.000058
0.000061
0.000116
0.000076
0.000129
0.000137
0.000045
0.000131
0.000163
0.000189
0.000078
0.00012
0.000143
0.00013
0.000176
0.000117
0.000228
0.000235
0.000083
0.000125
0.000075
0.000039
0.000147
0.000264
0.000272
0.000301
0.00046
0.000663
0.000701
0.000648
0.000705
0.000873
0.000964
0.001034
0.00112
0.001309
0.001465
0.001454
0.001235
0.001016
0.000984
0.001243
0.001688
0.001832
0.001433
0.001052
0.001073
0.001174
0.001286
0.001367
0.001248
0.001037
0.00092
0.000939
0.000907
0.000889
0.000872
0.000806
0.000742
0.000756
0.000806
0.000607
0.000338
0.000395
0.000528
0.000612
0.000628
0.000579
0.000447
0.000381
0.000534
0.000483
0.000241
0.000151
0.000385
0.00048
0.00044
0.000426
0.000465
0.000533
0.000553
0.000494
0.000478
0.000434
0.000267
0.000284
0.000354
0.000339
0.000259
0.000363
0.000406
0.000219
0.000216
0.000408
0.000535
0.000788
0.000815
0.000691
0.000621
0.000634
0.000629
0.000608
0.000713
0.000805
0.000795
0.000598
0.000492
0.000461
0.000415
0.00044
0.000411
0.000363
0.000516
0.000658
0.000624
0.000538
0.000501
0.00069
0.000677
0.000431
0.000589
0.000765
0.000691
0.000613
0.000356
0.000129
0.000158
0.000183
0.000327
0.000297
0.000128
0.000181
0.000156
0.00004
0.000259
0.000171
0.000133
0.000215
0.000139
0.000072
0.000063
0.000176
0.00008
0.000166
0.000192
0.000061
0.000116
0.000282
0.00025
0.000186
0.000223
0.000033
0.00018
0.000132
0.000248
0.000197
0.000188
0.000167
0.000036
0.000206
0.000331
0.000138
0.000259
0.000437
0.000255
0.000209
0.000172
0.000075
0.000228
0.000322
0.000341
0.000401
0.000256
0.00008
0.000199
0.000164
0.000108
0.000306
0.000325
0.000345
0.000413
0.000236
0.000242
0.000272
0.000266
