0.000258
0.000199
0.000157
0.000117
0.000208
0.000209
0.000342
0.000091
0.000321
0.000273
0.000235
0.000234
0.0002
0.000237
0.000122
0.000243
0.000366
0.000433
0.000384
0.000243
0.000147
0.000066
0.000071
0.000175
0.000185
0.000277
0.000209
0.000193
0.000215
0.000171
0.000296
0.000198
0.000147
0.000174
0.000209
0.000053
0.000119
0.000168
0.000132
0.000228
0.00028
0.000214
0.000175
0.000321
0.00048
0.000458
0.000656
0.000797
0.000565
0.000515
0.000658
0.000676
0.000684
0.000755
0.000795
0.000725
0.000767
0.000953
0.00101
0.000964
0.000884
0.000947
0.00103
0.000839
0.000674
0.00083
0.000934
0.00072
0.000744
0.000873
0.000832
0.000812
0.001031
0.001016
0.000701
0.00056
0.000762
0.00079
0.000576
0.000607
0.000803
0.000671
0.000298
0.000313
0.000598
0.000546
0.000396
0.00053
0.000561
0.000334
0.000402
0.000602
0.000722
0.000747
0.000653
0.000572
0.000465
0.000519
0.000656
0.000609
0.000449
0.00044
0.000382
0.000323
0.000456
0.000394
0.000392
0.000427
0.000425
0.000446
0.000371
0.000302
0.000242
0.000489
0.00062
0.000621
0.000493
0.000391
0.000405
0.000474
0.000336
0.000307
0.00023
0.000188
0.000369
0.000399
0.000311
0.000363
0.000426
0.000316
0.000205
0.000291
0.000414
0.000335
0.000181
0.000249
0.000112
0.000127
0.000148
0.000053
0.000136
0.000257
0.000381
0.000341
0.000064
0.000233
0.000111
0.000037
0.000343
0.000491
0.000359
0.000398
0.000324
0.000223
0.000159
0.000193
0.000174
0.000486
0.000428
0.000215
0.000147
0.000136
0.000145
0.000347
0.000327
0.000074
0.000149
0.00022
0.000041
0.000138
0.000131
0.00015
0.000149
0.000216
0.000245
0.000136
0.000288
0.000206
0.000077
0.000176
0.000243
0.000149
0.000098
0.000146
0.000047
0.000144
0.000086
0.000028
0.000261
0.000241
0.000171
0.000223
0.00021
0.00011
0.000103
0.000212
0.000186
0.000118
0.000144
0.000209
0.000098
