0.000182
0.000163
0.000156
0.00017
0.000248
0.000274
0.000249
0.000125
0.000092
0.000117
0.000079
0.000122
0.000156
0.000116
0.000117
0.000128
0.00016
0.000102
0.000024
0.000033
0.000195
0.000281
0.000189
0.000374
0.000447
0.000208
0.000025
0.000111
0.000078
0.000168
0.000268
0.000258
0.000102
0.000079
0.000301
0.000436
0.000456
0.000546
0.000606
0.000565
0.000601
0.000755
0.000671
0.000593
0.000829
0.001105
0.00126
0.001245
0.001128
0.001203
0.001286
0.001073
0.000986
0.001072
0.001151
0.001235
0.001368
0.00155
0.00156
0.001479
0.001541
0.001499
0.001225
0.001081
0.001225
0.00127
0.001167
0.001111
0.001011
0.000989
0.001146
0.001146
0.000996
0.000816
0.000862
0.000881
0.000637
0.000533
0.000725
0.000753
0.00068
0.000682
0.00068
0.000585
0.000599
0.000761
0.000759
0.000581
0.000477
0.000523
0.00054
0.000372
0.000234
0.000291
0.000372
0.000348
0.00028
0.000367
0.00041
0.000298
0.00027
0.0001
0.000217
0.000355
0.000515
0.000466
0.000462
0.000451
0.000337
0.000334
0.000313
0.000304
0.000447
0.000513
0.000325
0.000221
0.000316
0.000361
0.000441
0.000619
0.000588
0.000389
0.000369
0.000359
0.000423
0.000612
0.000613
0.000602
0.000703
0.000843
0.000816
0.000658
0.000724
0.000776
0.00059
0.000245
0.000121
0.000091
0.000304
0.000264
0.000201
0.000218
0.000168
0.000083
0.000132
0.000245
0.000248
0.000122
0.00037
0.000381
0.000257
0.000066
0.000196
0.000152
0.000068
0.000017
0.000109
0.000173
0.000047
0.00007
0.000108
0.000118
0.000142
0.000063
0.000131
0.00011
0.000088
0.000034
0.000186
0.000063
0.00011
0.000216
0.000226
0.000172
0.000255
0.000374
0.000432
0.000384
0.000141
0.000132
0.000183
0.000063
0.000091
0.000015
0.000147
0.000251
0.000056
0.000092
0.000137
0.00004
0.000183
0.000164
0.000085
0.000146
0.00009
0.00009
0.000092
0.000135
0.000066
0.00005
0.000128
