0.000174
0.000126
0.00021
0.000173
0.000126
0.000116
0.000133
0.000095
0.000081
0.000133
0.00003
0.000239
0.000284
0.000206
0.000177
0.000327
0.000215
0.000233
0.000178
0.000143
0.000146
0.000209
0.000188
0.000223
0.000266
0.000277
0.000273
0.000094
0.000176
0.000208
0.000053
0.000135
0.000058
0.000108
0.000011
0.000084
0.000241
0.000503
0.000545
0.000493
0.000449
0.000337
0.000371
0.000532
0.000535
0.000506
0.000532
0.0006
0.000653
0.000759
0.000789
0.000762
0.000811
0.000759
0.000536
0.000477
0.000657
0.000711
0.000854
0.000741
0.000538
0.000663
0.000964
0.001129
0.001035
0.000834
0.000742
0.000768
0.000712
0.000561
0.000638
0.000805
0.000758
0.000659
0.000717
0.000729
0.000642
0.00061
0.000464
0.000491
0.0007
0.000778
0.000822
0.000863
0.000678
0.000648
0.000796
0.000645
0.000415
0.000497
0.000526
0.000466
0.00056
0.000381
0.000366
0.000496
0.000511
0.000464
0.000425
0.00048
0.000542
0.000397
0.000255
0.000274
0.000127
0.000092
0.000247
0.000343
0.000376
0.000339
0.000198
0.000194
0.000181
0.000147
0.000279
0.000421
0.000449
0.000353
0.000137
0.000202
0.000226
0.000187
0.000393
0.00053
0.000506
0.000271
0.000288
0.000194
0.000181
0.00015
0.000294
0.000303
0.000254
0.000367
0.000433
0.000299
0.000184
0.000205
0.000214
0.00005
0.000123
0.000131
0.00023
0.000289
0.000471
0.000527
0.000432
0.000398
0.000252
0.000119
0.000139
0.00009
0.000166
0.000078
0.000091
0.000227
0.000281
0.000071
0.000143
0.000145
0.000189
0.000219
0.000091
0.000231
0.00023
0.000034
0.000034
0.000181
0.000121
0.000172
0.000191
0.000187
0.000152
0.000214
0.00009
0.000183
0.000278
0.000106
0.000285
0.000161
0.00012
0.000092
0.000164
0.000216
0.000113
0.000081
0.000207
0.000319
0.000294
0.000204
0.000132
0.000177
0.000297
0.000158
0.000099
0.000098
0.00015
0.000217
0.000124
0.000086
0.000107
