0.000141
0.000247
0.000317
0.000021
0.000102
0.000166
0.000384
0.000283
0.00027
0.000177
0.00012
0.000081
0.000153
0.000299
0.000293
0.000153
0.000013
0.000224
0.000194
0.000064
0.000214
0.000235
0.000243
0.000177
0.000112
0.000216
0.000029
0.000144
0.000221
0.000355
0.000246
0.000147
0.000221
0.00018
0.000251
0.000135
0.000013
0.000198
0.000348
0.000409
0.000333
0.000306
0.000464
0.000576
0.000672
0.00073
0.000832
0.000999
0.001035
0.001085
0.001427
0.001624
0.001638
0.001738
0.001847
0.001827
0.001568
0.00141
0.001653
0.001966
0.002153
0.002348
0.002443
0.00234
0.00217
0.002158
0.002167
0.00209
0.001895
0.001711
0.001748
0.001795
0.001826
0.001728
0.00137
0.001086
0.001129
0.001207
0.001112
0.001121
0.001271
0.001304
0.000996
0.000739
0.000811
0.000878
0.000788
0.00077
0.000745
0.000453
0.000274
0.000484
0.000506
0.00034
0.000338
0.000383
0.000502
0.000699
0.000683
0.000578
0.000692
0.000873
0.000799
0.000719
0.000826
0.000947
0.000887
0.000815
0.000987
0.00108
0.001058
0.001125
0.001125
0.000857
0.000782
0.001046
0.001193
0.001174
0.00103
0.000986
0.000986
0.000892
0.000991
0.001115
0.001014
0.000935
0.000864
0.000711
0.000611
0.000602
0.000526
0.000492
0.000507
0.00048
0.000626
0.000732
0.000807
0.000685
0.000473
0.000361
0.00018
0.00027
0.000466
0.000265
0.000058
0.000102
0.000252
0.000129
0.000166
0.00011
0.000053
0.000062
0.000101
0.000057
0.000058
0.000119
0.00032
0.000224
0.000231
0.000264
0.000251
0.000295
0.00037
0.000314
0.000193
0.000238
0.000422
0.00032
0.000081
0.000124
0.000186
0.000252
0.000182
0.000177
0.000193
0.000128
0.0002
0.000157
0.000174
0.000339
0.000317
0.000093
0.000167
0.000184
0.000109
0.000188
0.000215
0.000152
0.000169
0.000143
0.000124
0.000181
0.00012
0.000207
0.000077
0.000116
0.000187
0.000235
0.000305
0.000138
0.000251
