0.000213
0.000116
0.000128
0.000261
0.000095
0.000155
0.000142
0.000247
0.000194
0.000184
0.000149
0.000115
0.000223
0.000246
0.000122
0.000203
0.000028
0.000167
0.000165
0.000266
0.000291
0.000166
0.000199
0.000029
0.000171
0.000097
0.000112
0.000264
0.000307
0.000317
0.00029
0.000139
0.000137
0.000273
0.000285
0.000047
0.000073
0.000176
0.000269
0.000384
0.000392
0.00043
0.000611
0.000688
0.000465
0.000464
0.000806
0.000977
0.001052
0.001261
0.001311
0.001364
0.001407
0.001209
0.001033
0.001009
0.001129
0.001261
0.001243
0.001257
0.00137
0.001469
0.001437
0.001353
0.00134
0.001333
0.00127
0.001279
0.001172
0.001069
0.000995
0.000937
0.00093
0.000925
0.000967
0.001011
0.000992
0.000916
0.00075
0.000565
0.000539
0.00059
0.000547
0.000527
0.000546
0.000711
0.000935
0.000966
0.000853
0.00068
0.000562
0.000446
0.000472
0.00054
0.000396
0.000253
0.000071
0.000145
0.000277
0.000407
0.00042
0.000496
0.00046
0.00036
0.000382
0.000413
0.000318
0.000272
0.000381
0.000545
0.000615
0.000552
0.000406
0.000431
0.000482
0.000433
0.000293
0.000241
0.000237
0.000508
0.000325
0.000252
0.000297
0.000297
0.000475
0.000652
0.000392
0.000133
0.000098
0.000296
0.000317
0.000366
0.000451
0.000283
0.000068
0.000262
0.0003
0.000209
0.000275
0.000273
0.000106
0.000136
0.00012
0.000073
0.000156
0.000159
0.000193
0.000366
0.000273
0.000095
0.000244
0.000266
0.000054
0.000183
0.000225
0.000069
0.000207
0.00026
0.000242
0.000176
0.000006
0.00025
0.000366
0.000187
0.000197
0.000175
0.000129
0.00016
0.000331
0.000354
0.000148
0.00009
0.000291
0.00027
0.000068
0.000017
0.000073
0.000292
0.000323
0.000165
0.000027
0.000135
0.000214
0.000162
0.00009
0.000289
0.000226
0.000112
0.000089
0.000266
0.000211
0.000092
0.000055
0.000142
0.000265
0.000345
0.000173
0.000181
0.000436
0.000431
0.000018
